0/301 25/26 0.584327 0.232635 0.491619 0.135328 16.156963 2.026522 19.627394 0.33333 0.00185
1/301 25/26 0.562244 0.253635 0.158594 0.281456 1.731670 1.862858 4.850455 0.83333 0.00568
2/301 25/26 0.541567 0.224483 0.452906 0.151666 1.230941 1.662927 4.264490 0.66667 0.00494
3/301 25/26 0.498647 0.192247 0.095754 0.133176 0.736857 1.513732 3.170413 0.83333 0.01202
4/301 25/26 0.298338 0.180872 0.201052 0.053171 0.671765 1.360159 2.765358 0.83333 0.01284
5/301 25/26 0.095092 0.162384 0.140046 0.222064 0.436644 1.303969 2.360199 1.00000 0.02349
6/301 25/26 0.038040 0.139114 0.082649 0.115999 0.342581 1.209962 1.928345 1.00000 0.02211
7/301 25/26 0.016225 0.121882 0.160658 0.268286 0.298142 1.244555 2.109748 1.00000 0.02760
8/301 25/26 0.021878 0.118127 0.069812 0.129014 0.228740 1.193309 1.760881 1.00000 0.03751
9/301 25/26 0.046295 0.108200 0.097028 0.079896 0.214782 1.237040 1.783239 1.00000 0.03792
10/301 25/26 0.057053 0.051971 0.415133 0.170402 0.229480 1.217596 2.141635 1.00000 0.03086
11/301 25/26 0.058401 0.039517 0.094242 0.189720 0.205626 1.206083 1.793589 1.00000 0.04004
12/301 25/26 0.015344 0.051295 0.012557 0.037786 0.183844 1.199385 1.500210 1.00000 0.04343
13/301 25/26 0.013366 0.047718 0.038632 0.036607 0.159369 1.200736 1.496428 1.00000 0.04811
14/301 25/26 0.010381 0.029416 0.053100 0.036511 0.173857 1.200162 1.503427 1.00000 0.04427
15/301 25/26 0.007406 0.090818 0.066142 0.074251 0.160565 1.178257 1.577438 1.00000 0.04568
16/301 25/26 0.024903 0.033399 0.096798 0.046510 0.151181 1.234499 1.587290 1.00000 0.04716
17/301 25/26 0.025237 0.039022 0.113906 0.045258 0.124818 1.212314 1.560556 1.00000 0.05303
18/301 25/26 0.018080 0.017560 0.051914 0.053866 0.116769 1.188067 1.446255 1.00000 0.05803
19/301 25/26 0.016653 0.015479 0.032578 0.021746 0.099561 1.179771 1.365788 1.00000 0.07377
20/301 25/26 0.010102 0.014686 0.016576 0.015365 0.092602 1.172239 1.321570 1.00000 0.07460
21/301 25/26 0.032854 0.010547 0.009906 0.022648 0.090437 1.169468 1.335860 1.00000 0.07734
22/301 25/26 0.017586 0.006639 0.025700 0.018844 0.081344 1.161159 1.311272 1.00000 0.08379
23/301 25/26 0.008029 0.013489 0.009599 0.031946 0.085784 1.152287 1.301135 1.00000 0.08095
24/301 25/26 0.023835 0.005233 0.010336 0.046793 0.117529 1.150885 1.354611 1.00000 0.06313
25/301 25/26 0.036165 0.009455 0.018117 0.016422 0.085147 1.161133 1.326438 1.00000 0.07585
26/301 25/26 0.038856 0.000723 0.014563 0.024410 0.075014 1.157541 1.311108 1.00000 0.08747
27/301 25/26 0.011582 0.012105 0.018498 0.014805 0.076999 1.156735 1.290723 1.00000 0.08966
28/301 25/26 0.042323 0.005461 0.012824 0.014014 0.069415 1.151713 1.295750 1.00000 0.09370
29/301 25/26 0.038013 0.001604 0.009435 0.007119 0.081735 1.151392 1.289298 1.00000 0.08768
30/301 25/26 0.021940 0.031482 0.007533 0.015687 0.118374 1.147310 1.342328 1.00000 0.06708
31/301 25/26 0.004166 0.047319 0.036951 0.019929 0.090379 1.152720 1.351465 1.00000 0.08681
32/301 25/26 0.018902 0.011000 0.014535 0.008977 0.081880 1.143661 1.278956 1.00000 0.08714
33/301 25/26 0.010248 0.010093 0.007679 0.014868 0.074427 1.147722 1.265038 1.00000 0.09283
34/301 25/26 0.009055 0.016965 0.012469 0.008335 0.077067 1.157764 1.281654 1.00000 0.08152
35/301 25/26 0.005752 0.006168 0.016713 0.039350 0.074200 1.170181 1.312363 1.00000 0.09215
36/301 25/26 0.003940 0.009141 0.015580 0.008444 0.066431 1.147257 1.250793 1.00000 0.09219
37/301 25/26 0.012815 0.001778 0.048365 0.008805 0.061853 1.147865 1.281481 1.00000 0.09243
38/301 25/26 0.026814 0.016905 0.015232 0.041427 0.050509 1.191007 1.341893 1.00000 0.11135
39/301 25/26 0.014193 0.014754 0.069489 0.045250 0.053743 1.167600 1.365029 1.00000 0.12897
40/301 25/26 0.016838 0.005476 0.027088 0.010171 0.059750 1.146654 1.265976 1.00000 0.09239
41/301 25/26 0.001741 0.010717 0.041424 0.012514 0.050139 1.146327 1.262862 1.00000 0.11667
42/301 25/26 0.014467 0.004615 0.068475 0.010871 0.048560 1.135095 1.282085 1.00000 0.12229
43/301 25/26 0.029942 0.013443 0.023227 0.003839 0.051991 1.142288 1.264730 1.00000 0.09848
44/301 25/26 0.009471 0.004402 0.033019 0.018788 0.052341 1.140977 1.258999 1.00000 0.11195
45/301 25/26 0.010626 0.013543 0.020057 0.013578 0.044157 1.151208 1.253169 1.00000 0.15492
46/301 25/26 0.014092 0.007269 0.008826 0.012243 0.058902 1.136422 1.237754 1.00000 0.10348
47/301 25/26 0.004252 0.008020 0.013255 0.020991 0.047972 1.145862 1.240352 1.00000 0.12550
48/301 25/26 0.009282 0.011055 0.004965 0.004651 0.036711 1.134546 1.201211 1.00000 0.15811
49/301 25/26 0.009850 0.004370 0.053427 0.013457 0.034628 1.133374 1.249106 1.00000 0.16405
50/301 25/26 0.006500 0.007858 0.028646 0.004005 0.038336 1.132599 1.217943 1.00000 0.13889
51/301 25/26 0.018821 0.004035 0.074894 0.031356 0.049865 1.143829 1.322800 1.00000 0.13679
52/301 25/26 0.019459 0.004435 0.037548 0.015590 0.072304 1.133773 1.283108 1.00000 0.12992
53/301 25/26 0.008318 0.003358 0.020648 0.017768 0.054222 1.139633 1.243947 1.00000 0.11326
54/301 25/26 0.014517 0.001186 0.006603 0.003758 0.055350 1.143693 1.225106 1.00000 0.10337
55/301 25/26 0.013848 0.010334 0.022903 0.028733 0.039378 1.152771 1.267966 1.00000 0.15382
56/301 25/26 0.026473 0.001776 0.003518 0.007468 0.044873 1.145224 1.229332 1.00000 0.13421
57/301 25/26 0.009065 0.027979 0.009049 0.013618 0.041021 1.135863 1.236595 1.00000 0.11319
58/301 25/26 0.013210 0.007081 0.036593 0.049894 0.042205 1.129141 1.278124 1.00000 0.12858
59/301 25/26 0.014297 0.005828 0.011784 0.014920 0.046742 1.130990 1.224561 1.00000 0.10483
60/301 25/26 0.030590 0.000752 0.034330 0.007425 0.033723 1.141943 1.248762 1.00000 0.14141
61/301 25/26 0.007049 0.000839 0.021083 0.019281 0.034914 1.129788 1.212955 1.00000 0.18034
62/301 25/26 0.005287 0.008005 0.008216 0.022531 0.021731 1.139410 1.205181 1.00000 0.21128
63/301 25/26 0.003376 0.001612 0.019742 0.022437 0.030494 1.136194 1.213855 1.00000 0.18186
64/301 25/26 0.004167 0.016440 0.023761 0.022407 0.023861 1.127389 1.218025 1.00000 0.22125
65/301 25/26 0.002893 0.000967 0.007579 0.039736 0.044445 1.132600 1.228220 1.00000 0.14127
66/301 25/26 0.008359 0.003837 0.025220 0.006355 0.028675 1.158177 1.230623 1.00000 0.19223
67/301 25/26 0.003916 0.005789 0.012617 0.034091 0.034653 1.123430 1.214497 1.00000 0.14937
68/301 25/26 0.002510 0.004564 0.004315 0.007189 0.026622 1.126145 1.171345 1.00000 0.18054
69/301 25/26 0.019169 0.004759 0.004001 0.016809 0.024600 1.131849 1.201187 1.00000 0.17956
70/301 25/26 0.005706 0.002256 0.032394 0.045373 0.020152 1.126503 1.232383 1.00000 0.20247
71/301 25/26 0.001639 0.016970 0.018452 0.012595 0.026236 1.128331 1.204223 1.00000 0.21176
72/301 25/26 0.016003 0.001994 0.008598 0.045246 0.018385 1.147645 1.237871 1.00000 0.24573
73/301 25/26 0.011410 0.018827 0.019627 0.006792 0.018633 1.123537 1.198826 1.00000 0.25304
74/301 25/26 0.015904 0.001266 0.012232 0.003055 0.018079 1.123499 1.174036 1.00000 0.22172
75/301 25/26 0.004535 0.001681 0.035666 0.027502 0.012349 1.124501 1.206233 1.00000 0.28241
76/301 25/26 0.012290 0.008718 0.024812 0.007517 0.015336 1.122167 1.190841 1.00000 0.23519
77/301 25/26 0.003381 0.001888 0.012758 0.001095 0.027027 1.123194 1.169343 1.00000 0.20106
78/301 25/26 0.006590 0.011275 0.033517 0.012606 0.038797 1.119059 1.221843 1.00000 0.14526
79/301 25/26 0.010521 0.010787 0.010882 0.015362 0.042989 1.130197 1.220738 1.00000 0.14010
80/301 25/26 0.003721 0.003519 0.026418 0.018479 0.026141 1.125833 1.204111 1.00000 0.17890
81/301 25/26 0.009692 0.006739 0.007672 0.007051 0.028302 1.123097 1.182552 1.00000 0.16476
82/301 25/26 0.013102 0.003397 0.007114 0.019719 0.017088 1.123734 1.184152 1.00000 0.22810
83/301 25/26 0.006077 0.012145 0.014013 0.011069 0.020414 1.121191 1.184910 1.00000 0.20064
84/301 25/26 0.009323 0.005462 0.009667 0.002898 0.015269 1.120158 1.162777 1.00000 0.26296
85/301 25/26 0.005967 0.003974 0.012343 0.017136 0.017678 1.119394 1.176491 1.00000 0.25758
86/301 25/26 0.004558 0.014209 0.034657 0.009953 0.013880 1.139589 1.216845 1.00000 0.29524
87/301 25/26 0.004865 0.019362 0.039458 0.042398 0.015471 1.127633 1.249187 1.00000 0.24156
88/301 25/26 0.013151 0.001011 0.013018 0.013850 0.021524 1.132944 1.195499 1.00000 0.19861
89/301 25/26 0.006622 0.002913 0.021010 0.027209 0.016693 1.124269 1.198716 1.00000 0.24889
90/301 25/26 0.012501 0.002320 0.039369 0.008559 0.016058 1.125182 1.203989 1.00000 0.27172
91/301 25/26 0.008341 0.014725 0.021450 0.019025 0.023895 1.124587 1.212023 1.00000 0.28708
92/301 25/26 0.009778 0.004192 0.026846 0.017712 0.025010 1.121843 1.205382 1.00000 0.22540
93/301 25/26 0.004133 0.001121 0.007105 0.008168 0.017737 1.119591 1.157855 1.00000 0.20952
94/301 25/26 0.072933 0.006585 0.395302 0.083746 0.034691 1.120670 1.713927 1.00000 0.20875
95/301 25/26 0.075892 0.126216 0.162012 0.031337 0.630902 1.122489 2.148848 1.00000 0.03246
96/301 25/26 0.193443 0.134854 1.747825 0.106598 1.111851 1.321096 4.615666 0.66667 0.00733
97/301 25/26 0.093008 0.110369 0.044236 0.046895 1.090450 1.266176 2.651134 0.83333 0.00605
98/301 25/26 0.099145 0.143025 0.045665 0.088885 0.659656 1.278727 2.315103 0.83333 0.00893
99/301 25/26 0.056582 0.105613 0.044135 0.070559 0.462763 1.232115 1.971767 1.00000 0.01659
100/301 25/26 0.074223 0.102925 0.026786 0.025288 0.490246 1.163483 1.882951 1.00000 0.01487
101/301 25/26 0.026418 0.077866 0.045317 0.052051 0.408139 1.159726 1.769517 1.00000 0.01658
102/301 25/26 0.037251 0.083448 0.070744 0.057456 0.263295 1.151021 1.663215 1.00000 0.02840
103/301 25/26 0.082066 0.069282 0.061702 0.036574 0.220617 1.144508 1.614748 1.00000 0.03311
104/301 25/26 0.108351 0.057355 0.083523 0.024107 0.208218 1.144171 1.625725 1.00000 0.03001
105/301 25/26 0.092763 0.045679 0.048030 0.020320 0.174287 1.141041 1.522120 1.00000 0.03889
106/301 25/26 0.035052 0.027245 0.033611 0.016246 0.155867 1.136251 1.404272 1.00000 0.04292
107/301 25/26 0.011769 0.018437 0.015405 0.018137 0.135293 1.132285 1.331327 1.00000 0.05178
108/301 25/26 0.006618 0.021668 0.008516 0.014141 0.138476 1.130997 1.320416 1.00000 0.05527
109/301 25/26 0.006236 0.018075 0.010295 0.010621 0.129314 1.128789 1.303330 1.00000 0.05877
110/301 25/26 0.006749 0.020297 0.013266 0.005751 0.121838 1.130538 1.298440 1.00000 0.06670
111/301 25/26 0.003859 0.020401 0.009521 0.010499 0.114219 1.133376 1.291875 1.00000 0.06793
112/301 25/26 0.004738 0.017450 0.009415 0.008933 0.119181 1.129232 1.288949 1.00000 0.06401
113/301 25/26 0.004098 0.020794 0.011661 0.013073 0.107137 1.129169 1.285932 1.00000 0.07017
114/301 25/26 0.008898 0.014460 0.009723 0.007656 0.104104 1.131805 1.276645 1.00000 0.07110
115/301 25/26 0.007560 0.013877 0.012180 0.007447 0.102117 1.131481 1.274662 1.00000 0.06983
116/301 25/26 0.003307 0.016347 0.007367 0.011393 0.098951 1.129506 1.266871 1.00000 0.07308
117/301 25/26 0.006142 0.015431 0.004440 0.008153 0.097336 1.128165 1.259667 1.00000 0.08075
118/301 25/26 0.002410 0.025357 0.009635 0.006706 0.087312 1.126808 1.258229 1.00000 0.08157
119/301 25/26 0.011897 0.030020 0.004094 0.009096 0.089199 1.124318 1.268623 1.00000 0.08601
120/301 25/26 0.003244 0.019525 0.005632 0.016077 0.090651 1.127727 1.262855 1.00000 0.08176
121/301 25/26 0.010686 0.033069 0.006775 0.007334 0.094587 1.123546 1.275998 1.00000 0.07744
122/301 25/26 0.005804 0.030078 0.018367 0.012778 0.097998 1.133452 1.298477 1.00000 0.07460
123/301 25/26 0.018287 0.029811 0.005987 0.010838 0.084554 1.125808 1.275285 1.00000 0.08174
124/301 25/26 0.011092 0.017626 0.003565 0.011213 0.091296 1.126064 1.260856 1.00000 0.08719
125/301 25/26 0.007797 0.017407 0.004782 0.006163 0.083436 1.121589 1.241174 1.00000 0.08940
126/301 25/26 0.006069 0.019505 0.007494 0.007201 0.089006 1.124130 1.253405 1.00000 0.08369
127/301 25/26 0.011075 0.025636 0.008276 0.005894 0.080992 1.130606 1.262480 1.00000 0.08864
128/301 25/26 0.022696 0.015832 0.007799 0.004461 0.081768 1.122110 1.254666 1.00000 0.08454
129/301 25/26 0.009190 0.021000 0.002969 0.005264 0.076736 1.126041 1.241199 1.00000 0.08781
130/301 25/26 0.010756 0.014663 0.008648 0.005086 0.069548 1.123455 1.232156 1.00000 0.09184
131/301 25/26 0.009122 0.011090 0.013944 0.004976 0.077262 1.122613 1.239007 1.00000 0.09021
132/301 25/26 0.007098 0.009859 0.026515 0.003214 0.075769 1.125689 1.248144 1.00000 0.09024
133/301 25/26 0.012588 0.007289 0.015753 0.002169 0.098979 1.128497 1.265275 1.00000 0.07115
134/301 25/26 0.010695 0.002959 0.007283 0.010521 0.077223 1.131350 1.240031 1.00000 0.08770
135/301 25/26 0.026425 0.012955 0.003852 0.005141 0.086343 1.129077 1.263793 1.00000 0.07949
136/301 25/26 0.035410 0.034305 0.007465 0.003549 0.075020 1.138782 1.294531 1.00000 0.09881
137/301 25/26 0.047965 0.013486 0.006533 0.007867 0.089850 1.135038 1.300740 1.00000 0.07635
138/301 25/26 0.024695 0.014692 0.003944 0.009921 0.070951 1.137934 1.262137 1.00000 0.09946
139/301 25/26 0.058629 0.019338 0.010028 0.013456 0.106849 1.125739 1.334039 1.00000 0.08766
140/301 25/26 0.010738 0.013868 0.019806 0.014701 0.087313 1.134591 1.281017 1.00000 0.08294
141/301 25/26 0.003395 0.011627 0.007105 0.012043 0.078988 1.129140 1.242298 1.00000 0.08750
142/301 25/26 0.003406 0.015755 0.004788 0.009731 0.080197 1.122142 1.236019 1.00000 0.09172
143/301 25/26 0.003254 0.019044 0.006249 0.008883 0.070531 1.121026 1.228988 1.00000 0.09083
144/301 25/26 0.002046 0.002731 0.003650 0.003257 0.056726 1.120934 1.189344 1.00000 0.11402
145/301 25/26 0.002783 0.005934 0.002816 0.005464 0.053287 1.121440 1.191723 1.00000 0.13002
146/301 25/26 0.002215 0.010811 0.004337 0.004220 0.052441 1.119841 1.193865 1.00000 0.12744
147/301 25/26 0.006281 0.010197 0.012221 0.004299 0.049499 1.122003 1.204500 1.00000 0.13899
148/301 25/26 0.005936 0.008236 0.006547 0.003337 0.046500 1.121561 1.192118 1.00000 0.14872
149/301 25/26 0.006740 0.005075 0.004685 0.002713 0.047070 1.119081 1.185363 1.00000 0.14010
150/301 25/26 0.005741 0.007399 0.003564 0.005814 0.049595 1.120217 1.192330 1.00000 0.13336
151/301 25/26 0.002023 0.001943 0.007455 0.003067 0.044241 1.119964 1.178693 1.00000 0.15370
152/301 25/26 0.001104 0.004127 0.003720 0.003405 0.042908 1.119326 1.174590 1.00000 0.14872
153/301 25/26 0.002897 0.001848 0.004215 0.003327 0.037667 1.120557 1.170511 1.00000 0.18135
154/301 25/26 0.003363 0.002535 0.008242 0.001285 0.043693 1.119953 1.179070 1.00000 0.15635
155/301 25/26 0.003017 0.005953 0.004334 0.008091 0.039040 1.123739 1.184174 1.00000 0.16476
156/301 25/26 0.003403 0.004820 0.009887 0.005022 0.043181 1.118538 1.184851 1.00000 0.14697
157/301 25/26 0.002183 0.004642 0.000963 0.005656 0.045284 1.117844 1.176572 1.00000 0.17089
158/301 25/26 0.002089 0.011488 0.018577 0.022742 0.057381 1.120133 1.232410 1.00000 0.15033
159/301 25/26 0.006134 0.005536 0.008923 0.008200 0.039989 1.123797 1.192579 1.00000 0.17430
160/301 25/26 0.000990 0.005146 0.002101 0.007689 0.051999 1.117825 1.185752 1.00000 0.13012
161/301 25/26 0.005381 0.003520 0.000936 0.005453 0.038694 1.121756 1.175740 1.00000 0.16270
162/301 25/26 0.008474 0.005379 0.004675 0.016578 0.044994 1.118833 1.198933 1.00000 0.16207
163/301 25/26 0.002786 0.003609 0.007688 0.009070 0.040281 1.121685 1.185119 1.00000 0.16944
164/301 25/26 0.001573 0.006117 0.005365 0.003883 0.039097 1.117667 1.173702 1.00000 0.16344
165/301 25/26 0.001752 0.003172 0.004917 0.006744 0.035205 1.121792 1.173582 1.00000 0.18161
166/301 25/26 0.008343 0.004992 0.004412 0.000906 0.037439 1.118765 1.174857 1.00000 0.19414
167/301 25/26 0.002525 0.002601 0.005372 0.009631 0.035672 1.119151 1.174952 1.00000 0.17985
168/301 25/26 0.004210 0.009652 0.004249 0.003914 0.032718 1.118708 1.173451 1.00000 0.19096
169/301 25/26 0.005152 0.004985 0.008461 0.003435 0.033388 1.119417 1.174838 1.00000 0.19414
170/301 25/26 0.000908 0.003914 0.006672 0.002275 0.030446 1.118557 1.162772 1.00000 0.21604
171/301 25/26 0.002283 0.005887 0.006345 0.004960 0.029214 1.137938 1.186626 1.00000 0.23651
172/301 25/26 0.003936 0.004734 0.023546 0.009285 0.041530 1.118021 1.201052 1.00000 0.17460
173/301 25/26 0.000923 0.003177 0.003517 0.016392 0.035407 1.118997 1.178413 1.00000 0.18207
174/301 25/26 0.003906 0.013529 0.004566 0.025363 0.040708 1.120378 1.208451 1.00000 0.18981
175/301 25/26 0.005001 0.005293 0.042516 0.025846 0.044045 1.118028 1.240730 1.00000 0.15873
176/301 25/26 0.008871 0.005834 0.030229 0.007750 0.049676 1.127076 1.229437 1.00000 0.14427
177/301 25/26 0.005994 0.009925 0.008335 0.001116 0.047721 1.117772 1.190862 1.00000 0.15556
178/301 25/26 0.006830 0.005199 0.015554 0.008732 0.049041 1.124662 1.210017 1.00000 0.15285
179/301 25/26 0.003002 0.011962 0.001884 0.010783 0.046167 1.118736 1.192533 1.00000 0.15064
180/301 25/26 0.001326 0.008401 0.004874 0.013537 0.044084 1.118070 1.190292 1.00000 0.13382
181/301 25/26 0.010237 0.011164 0.005269 0.004351 0.040839 1.117969 1.189828 1.00000 0.14473
182/301 25/26 0.003632 0.009716 0.004643 0.004541 0.032990 1.121298 1.176821 1.00000 0.21944
183/301 25/26 0.009849 0.015436 0.001914 0.009591 0.039533 1.116954 1.193276 1.00000 0.19724
184/301 25/26 0.002392 0.004826 0.010194 0.008296 0.039143 1.120777 1.185627 1.00000 0.17383
185/301 25/26 0.004540 0.004979 0.001569 0.004993 0.037303 1.129003 1.182386 1.00000 0.16746
186/301 25/26 0.009346 0.008088 0.003927 0.003896 0.033166 1.117534 1.175957 1.00000 0.18889
187/301 25/26 0.008147 0.007390 0.005103 0.010679 0.037527 1.117011 1.185858 1.00000 0.16009
188/301 25/26 0.008142 0.006470 0.019461 0.004579 0.028832 1.119188 1.186671 1.00000 0.19573
189/301 25/26 0.006191 0.014787 0.010104 0.017694 0.096216 1.118487 1.263479 1.00000 0.11011
190/301 25/26 0.009514 0.002569 0.004809 0.005448 0.058957 1.127266 1.208562 1.00000 0.11902
191/301 25/26 0.003109 0.007337 0.022899 0.014982 0.037802 1.123022 1.209150 1.00000 0.17619
192/301 25/26 0.001938 0.001788 0.007009 0.010446 0.039601 1.117061 1.177843 1.00000 0.19444
193/301 25/26 0.007183 0.001474 0.017226 0.004193 0.037297 1.118651 1.186024 1.00000 0.18356
194/301 25/26 0.006459 0.004241 0.009077 0.008878 0.037022 1.118782 1.184458 1.00000 0.17650
195/301 25/26 0.001683 0.001205 0.007534 0.009177 0.033506 1.118731 1.171837 1.00000 0.19477
196/301 25/26 0.004399 0.013611 0.002658 0.004813 0.034518 1.118905 1.178904 1.00000 0.18413
197/301 25/26 0.003891 0.006615 0.004945 0.013359 0.025373 1.117615 1.171798 1.00000 0.23333
198/301 25/26 0.016183 0.011195 0.003545 0.016330 0.031709 1.132349 1.211312 1.00000 0.17906
199/301 25/26 0.001179 0.002683 0.016828 0.034130 0.043558 1.117177 1.215554 1.00000 0.18063
200/301 25/26 0.010942 0.002723 0.017119 0.013430 0.045035 1.119250 1.208500 1.00000 0.14335
201/301 25/26 0.001800 0.007553 0.014776 0.004475 0.030605 1.118977 1.178187 1.00000 0.21338
202/301 25/26 0.000199 0.003320 0.011225 0.005408 0.030387 1.118153 1.168693 1.00000 0.18783
203/301 25/26 0.001861 0.002418 0.013153 0.004912 0.025850 1.117470 1.165664 1.00000 0.20040
204/301 25/26 0.002926 0.002712 0.004525 0.009721 0.021453 1.117776 1.159113 1.00000 0.25499
205/301 25/26 0.001127 0.002095 0.007319 0.004568 0.020810 1.118053 1.153972 1.00000 0.24156
206/301 25/26 0.000898 0.002897 0.004596 0.006508 0.024169 1.116985 1.156052 1.00000 0.20406
207/301 25/26 0.003143 0.003552 0.003296 0.008559 0.025483 1.117303 1.161336 1.00000 0.22906
208/301 25/26 0.006395 0.001520 0.010670 0.004564 0.021224 1.117472 1.161846 1.00000 0.21001
209/301 25/26 0.001035 0.001456 0.002853 0.007913 0.021888 1.117392 1.152537 1.00000 0.24815
210/301 25/26 0.000957 0.005893 0.002730 0.015352 0.018911 1.117789 1.161632 1.00000 0.27172
211/301 25/26 0.002053 0.002185 0.000795 0.003701 0.018251 1.118342 1.145327 1.00000 0.33045
212/301 25/26 0.005469 0.003780 0.003761 0.006634 0.015431 1.116833 1.151907 1.00000 0.34017
213/301 25/26 0.001284 0.002562 0.003337 0.007636 0.013801 1.117257 1.145876 1.00000 0.35690
214/301 25/26 0.001724 0.001078 0.004770 0.004338 0.015441 1.116543 1.143895 1.00000 0.27855
215/301 25/26 0.003490 0.002639 0.009544 0.009575 0.016564 1.116429 1.158241 1.00000 0.30135
216/301 25/26 0.002612 0.001439 0.004107 0.006983 0.013540 1.117047 1.145728 1.00000 0.28788
217/301 25/26 0.005509 0.001111 0.012777 0.004687 0.014236 1.118098 1.156417 1.00000 0.33838
218/301 25/26 0.002036 0.003574 0.013626 0.004457 0.014308 1.117481 1.155482 1.00000 0.31795
219/301 25/26 0.002369 0.004338 0.003896 0.011518 0.014068 1.117277 1.153466 1.00000 0.32540
220/301 25/26 0.001266 0.003582 0.005417 0.004226 0.011644 1.116892 1.143026 1.00000 0.34343
221/301 25/26 0.001811 0.001342 0.005834 0.007778 0.016175 1.117283 1.150223 1.00000 0.33411
222/301 25/26 0.005086 0.004496 0.000943 0.007034 0.022332 1.117515 1.157405 1.00000 0.32063
223/301 25/26 0.001857 0.005034 0.010655 0.007846 0.011831 1.117537 1.154760 1.00000 0.36296
224/301 25/26 0.001619 0.002753 0.006711 0.012830 0.012155 1.117500 1.153569 1.00000 0.34949
225/301 25/26 0.003589 0.003331 0.003662 0.007331 0.014330 1.116997 1.149239 1.00000 0.32251
226/301 25/26 0.002747 0.001531 0.022266 0.001995 0.015598 1.119117 1.163255 1.00000 0.30135
227/301 25/26 0.010512 0.010265 0.009128 0.003252 0.007742 1.119255 1.160153 1.00000 0.52381
228/301 25/26 0.008041 0.004812 0.007598 0.004706 0.020127 1.116365 1.161649 1.00000 0.26296
229/301 25/26 0.004424 0.004190 0.003711 0.007454 0.010143 1.117757 1.147679 1.00000 0.46061
230/301 25/26 0.000491 0.007200 0.004070 0.004517 0.013018 1.116654 1.145949 1.00000 0.33598
231/301 25/26 0.002396 0.001572 0.015260 0.002715 0.017055 1.118041 1.157039 1.00000 0.27407
232/301 25/26 0.017251 0.006103 0.010887 0.022278 0.079323 1.118002 1.253844 1.00000 0.19093
233/301 25/26 0.006102 0.004970 0.012642 0.023579 0.049410 1.121116 1.217819 1.00000 0.15595
234/301 25/26 0.004166 0.001830 0.005631 0.017436 0.042398 1.119621 1.191081 1.00000 0.19943
235/301 25/26 0.000401 0.000424 0.000818 0.019183 0.030787 1.118820 1.170433 1.00000 0.23148
236/301 25/26 0.001134 0.005421 0.010332 0.010443 0.024109 1.117417 1.168856 1.00000 0.26190
237/301 25/26 0.002752 0.007089 0.003504 0.008528 0.023906 1.117143 1.162923 1.00000 0.25265
238/301 25/26 0.002714 0.003730 0.002256 0.009761 0.023151 1.117522 1.159134 1.00000 0.23280
239/301 25/26 0.003292 0.005767 0.005992 0.008102 0.016426 1.121667 1.161246 1.00000 0.27407
240/301 25/26 0.004361 0.004355 0.010614 0.010445 0.020882 1.117792 1.168449 1.00000 0.23838
241/301 25/26 0.003278 0.001420 0.009657 0.014824 0.034558 1.117623 1.181361 1.00000 0.19199
242/301 25/26 0.001111 0.007203 0.004992 0.002662 0.017999 1.118551 1.152517 1.00000 0.26801
243/301 25/26 0.003601 0.006398 0.005882 0.007111 0.022254 1.116699 1.161945 1.00000 0.23413
244/301 25/26 0.004235 0.008766 0.017871 0.017405 0.023311 1.117371 1.188958 1.00000 0.19048
245/301 25/26 0.022021 0.074388 0.017590 0.029353 0.029954 1.147378 1.320684 1.00000 0.20202
246/301 25/26 0.006724 0.012968 0.026776 0.015395 0.036163 1.117173 1.215197 1.00000 0.22172
247/301 25/26 0.006647 0.009291 0.013098 0.004834 0.079443 1.119081 1.232395 1.00000 0.16035
248/301 25/26 0.011694 0.008519 0.008508 0.014627 0.038683 1.130169 1.212200 1.00000 0.18293
249/301 25/26 0.011483 0.008807 0.041337 0.030113 0.077163 1.143851 1.312753 1.00000 0.15872
250/301 25/26 0.004897 0.013764 0.013297 0.018106 0.065703 1.117683 1.233450 1.00000 0.19689
251/301 25/26 0.003499 0.003904 0.008191 0.002224 0.029742 1.117567 1.165127 1.00000 0.21467
252/301 25/26 0.014384 0.008875 0.003701 0.001873 0.044365 1.133700 1.206898 1.00000 0.20938
253/301 25/26 0.007424 0.020162 0.005207 0.005043 0.032821 1.118330 1.188987 1.00000 0.21605
254/301 25/26 0.004295 0.006604 0.010812 0.007658 0.023036 1.116570 1.168975 1.00000 0.19724
255/301 25/26 0.004384 0.005503 0.030590 0.018046 0.023428 1.134115 1.216066 1.00000 0.28704
256/301 25/26 0.003652 0.004920 0.014632 0.015333 0.024252 1.116185 1.178974 1.00000 0.19697
257/301 25/26 0.003800 0.001011 0.005123 0.006218 0.016360 1.116636 1.149147 1.00000 0.31272
258/301 25/26 0.003534 0.007799 0.018228 0.015322 0.018137 1.116480 1.179501 1.00000 0.41111
259/301 25/26 0.006436 0.000998 0.017855 0.005344 0.017553 1.116572 1.164757 1.00000 0.22628
260/301 25/26 0.001143 0.001723 0.018053 0.007390 0.015938 1.118160 1.162407 1.00000 0.29202
261/301 25/26 0.004091 0.001847 0.007179 0.024666 0.018530 1.116875 1.173187 1.00000 0.33796
262/301 25/26 0.005973 0.002482 0.003909 0.007267 0.017686 1.117141 1.154458 1.00000 0.27172
263/301 25/26 0.002222 0.003924 0.006102 0.019280 0.017421 1.116924 1.165875 1.00000 0.28283
264/301 25/26 0.001015 0.001537 0.006684 0.006035 0.012739 1.117532 1.145543 1.00000 0.30741
265/301 25/26 0.006437 0.001250 0.013771 0.022050 0.011518 1.117516 1.172542 1.00000 0.37037
266/301 25/26 0.005553 0.002504 0.004631 0.013581 0.011274 1.117212 1.154755 1.00000 0.36296
267/301 25/26 0.004370 0.003106 0.008915 0.002714 0.009506 1.116268 1.144879 1.00000 0.48148
268/301 25/26 0.000803 0.002943 0.002994 0.005388 0.009941 1.116396 1.138465 1.00000 0.37037
269/301 25/26 0.001923 0.000532 0.012537 0.019368 0.013619 1.116809 1.164787 1.00000 0.30741
270/301 25/26 0.003754 0.004392 0.006197 0.032505 0.013406 1.117517 1.177771 1.00000 0.36296
271/301 25/26 0.002294 0.000716 0.003798 0.008605 0.011310 1.116257 1.142981 1.00000 0.37963
272/301 25/26 0.000802 0.002145 0.006799 0.012848 0.008724 1.116508 1.147826 1.00000 0.48148
273/301 25/26 0.001427 0.001720 0.011259 0.012854 0.009305 1.116708 1.153274 1.00000 0.37963
274/301 25/26 0.009170 0.005737 0.016691 0.024552 0.009659 1.116843 1.182652 1.00000 0.47407
275/301 25/26 0.005330 0.000248 0.003934 0.001778 0.007329 1.116556 1.135174 1.00000 0.49074
276/301 25/26 0.001763 0.001546 0.001511 0.014764 0.009335 1.116234 1.145152 1.00000 0.37963
277/301 25/26 0.002678 0.000720 0.003451 0.002446 0.011286 1.116166 1.136747 1.00000 0.37963
278/301 25/26 0.003448 0.001941 0.012127 0.011759 0.014054 1.117120 1.160449 1.00000 0.35690
279/301 25/26 0.003514 0.002548 0.008434 0.015011 0.007699 1.117632 1.154838 1.00000 0.38889
280/301 25/26 0.004133 0.003336 0.011109 0.024933 0.007604 1.117517 1.168632 1.00000 0.39153
281/301 25/26 0.002111 0.003125 0.005766 0.002478 0.008509 1.121795 1.143783 1.00000 0.38889
282/301 25/26 0.001352 0.000810 0.002401 0.006067 0.007399 1.116311 1.134339 1.00000 0.38889
283/301 25/26 0.001311 0.003103 0.006907 0.014153 0.006789 1.116166 1.148429 1.00000 0.38889
284/301 25/26 0.000983 0.000550 0.004928 0.012217 0.005702 1.116178 1.140558 1.00000 0.49074
285/301 25/26 0.002199 0.005330 0.006119 0.002103 0.007919 1.116175 1.139845 1.00000 0.37963
286/301 25/26 0.003648 0.002298 0.012185 0.011658 0.007634 1.116844 1.154267 1.00000 0.40079
287/301 25/26 0.008425 0.002948 0.004156 0.006504 0.012094 1.116565 1.150692 1.00000 0.32407
288/301 25/26 0.002534 0.004466 0.007318 0.004094 0.007207 1.116154 1.141773 1.00000 0.37963
289/301 25/26 0.001305 0.001715 0.003515 0.013791 0.004952 1.116735 1.142013 1.00000 0.51190
290/301 25/26 0.001234 0.000811 0.003278 0.005240 0.004441 1.116316 1.131320 1.00000 0.51190
291/301 25/26 0.000823 0.002797 0.006052 0.006346 0.010022 1.116465 1.142505 1.00000 0.36111
292/301 25/26 0.000955 0.001370 0.007996 0.005886 0.003566 1.116357 1.136129 1.00000 0.53968
293/301 25/26 0.003412 0.003537 0.001502 0.018807 0.004467 1.116212 1.147937 1.00000 0.50265
294/301 25/26 0.001210 0.001286 0.007891 0.006154 0.004277 1.116415 1.137233 1.00000 0.51190
295/301 25/26 0.000902 0.001867 0.008740 0.011551 0.003335 1.116786 1.143180 1.00000 0.55000
296/301 25/26 0.002127 0.000601 0.001721 0.002410 0.003564 1.116069 1.126492 1.00000 0.52778
297/301 25/26 0.000416 0.002672 0.007055 0.006036 0.002653 1.116131 1.134962 1.00000 0.55000
298/301 25/26 0.001142 0.000687 0.010436 0.006196 0.002927 1.116071 1.137458 1.00000 0.56190
299/301 25/26 0.003326 0.001605 0.003649 0.019581 0.003030 1.116405 1.147596 1.00000 0.55556
300/301 25/26 0.001430 0.000426 0.008085 0.004480 0.003253 1.116392 1.134066 1.00000 0.53968
