0/301 25/26 0.017684 0.034186 0.028901 0.019243 0.055019 1.161828 1.316861 1.00000 0.18889
1/301 25/26 0.003450 0.012022 0.010650 0.010925 0.035055 1.116196 1.188299 1.00000 0.23918
2/301 25/26 0.018326 0.005514 0.013696 0.011900 0.038089 1.116795 1.204320 1.00000 0.23333
3/301 25/26 0.002277 0.002773 0.005250 0.005149 0.019560 1.116292 1.151299 1.00000 0.28889
4/301 25/26 0.001902 0.004312 0.001632 0.001036 0.012962 1.122473 1.144317 1.00000 0.28889
5/301 25/26 0.000886 0.001917 0.005736 0.005517 0.007699 1.116778 1.138533 1.00000 0.32857
6/301 25/26 0.003768 0.001382 0.000801 0.003600 0.012961 1.116324 1.138836 1.00000 0.29167
7/301 25/26 0.000854 0.001107 0.004398 0.002537 0.016421 1.117360 1.142678 1.00000 0.26111
8/301 25/26 0.005158 0.007872 0.013479 0.014348 0.016066 1.154098 1.211020 1.00000 0.35185
9/301 25/26 0.006903 0.016173 0.001195 0.010277 0.006827 1.116975 1.158350 1.00000 0.48333
10/301 25/26 0.002935 0.003750 0.005001 0.006975 0.004899 1.116372 1.139932 1.00000 0.51111
11/301 25/26 0.000118 0.001707 0.002810 0.008239 0.005671 1.116211 1.134756 1.00000 0.40741
12/301 25/26 0.001500 0.001501 0.004395 0.003840 0.006497 1.116481 1.134215 1.00000 0.41111
13/301 25/26 0.001093 0.000983 0.007854 0.008264 0.002770 1.117025 1.137990 1.00000 0.57778
14/301 25/26 0.000745 0.000463 0.003675 0.009467 0.005257 1.116634 1.136241 1.00000 0.44444
15/301 25/26 0.001119 0.001793 0.003575 0.010202 0.013224 1.116570 1.146482 1.00000 0.35185
16/301 25/26 0.002493 0.003120 0.009509 0.004380 0.007974 1.116478 1.143956 1.00000 0.53968
17/301 25/26 0.000942 0.002596 0.013849 0.013557 0.006157 1.120359 1.157460 1.00000 0.52778
18/301 25/26 0.002105 0.009187 0.016056 0.002988 0.006817 1.116241 1.153394 1.00000 0.42857
19/301 25/26 0.003635 0.003287 0.005064 0.003408 0.006676 1.116321 1.138390 1.00000 0.52778
20/301 25/26 0.003115 0.002530 0.020430 0.009949 0.005972 1.116552 1.158549 1.00000 0.40079
21/301 25/26 0.018598 0.004404 0.012529 0.009553 0.021919 1.120134 1.187136 1.00000 0.33056
22/301 25/26 0.040413 0.040954 0.030862 0.019226 0.158585 1.128743 1.418782 1.00000 0.04650
23/301 25/26 0.020218 0.021272 0.033399 0.071427 0.471016 1.136624 1.753955 1.00000 0.05365
24/301 25/26 0.014488 0.085072 0.037830 0.053536 0.358634 1.122629 1.672189 1.00000 0.04642
25/301 25/26 0.003852 0.031502 0.017948 0.046056 0.124788 1.120284 1.344429 1.00000 0.07082
26/301 25/26 0.004011 0.062544 0.071084 0.063095 0.087150 1.121188 1.409073 1.00000 0.09384
27/301 25/26 0.000896 0.006373 0.013085 0.034933 0.076918 1.120061 1.252266 1.00000 0.10312
28/301 25/26 0.000937 0.004531 0.028194 0.040028 0.065548 1.118157 1.257395 1.00000 0.11786
29/301 25/26 0.002791 0.003808 0.013335 0.014354 0.058468 1.117667 1.210422 1.00000 0.13462
30/301 25/26 0.001855 0.008957 0.005559 0.005895 0.050569 1.123530 1.196365 1.00000 0.15125
31/301 25/26 0.002960 0.003375 0.007039 0.014969 0.047858 1.121682 1.197882 1.00000 0.14219
32/301 25/26 0.000334 0.004042 0.005476 0.012683 0.043814 1.121409 1.187758 1.00000 0.17130
33/301 25/26 0.002227 0.006446 0.011463 0.007214 0.040068 1.119745 1.187162 1.00000 0.18283
34/301 25/26 0.002045 0.007695 0.011283 0.003496 0.035412 1.126441 1.186372 1.00000 0.20556
35/301 25/26 0.001569 0.001436 0.007174 0.004561 0.025858 1.116908 1.157507 1.00000 0.22857
36/301 25/26 0.001838 0.000956 0.005037 0.001594 0.021025 1.117621 1.148072 1.00000 0.24524
37/301 25/26 0.000741 0.000449 0.001673 0.001079 0.016509 1.117123 1.137574 1.00000 0.28333
38/301 25/26 0.000970 0.000901 0.002212 0.002099 0.014468 1.116407 1.137058 1.00000 0.30000
39/301 25/26 0.001015 0.001654 0.005325 0.006113 0.012573 1.116251 1.142931 1.00000 0.27778
40/301 25/26 0.001318 0.001143 0.008872 0.001884 0.010529 1.116702 1.140447 1.00000 0.38889
41/301 25/26 0.000480 0.000941 0.001548 0.002550 0.009922 1.116142 1.131583 1.00000 0.34524
42/301 25/26 0.000629 0.000494 0.010073 0.004949 0.008335 1.116170 1.140650 1.00000 0.42857
43/301 25/26 0.000825 0.000645 0.001693 0.001978 0.007850 1.116128 1.129118 1.00000 0.41667
44/301 25/26 0.000319 0.000291 0.007079 0.011792 0.006399 1.116065 1.141945 1.00000 0.46667
45/301 25/26 0.001029 0.002234 0.021322 0.010850 0.007479 1.115996 1.158909 1.00000 0.37302
46/301 25/26 0.000897 0.002631 0.006323 0.008955 0.006127 1.116411 1.141344 1.00000 0.44444
47/301 25/26 0.000240 0.002769 0.013020 0.004275 0.006105 1.116447 1.142856 1.00000 0.47222
48/301 25/26 0.002862 0.004667 0.005080 0.016392 0.012513 1.116609 1.158122 1.00000 0.42857
49/301 25/26 0.002837 0.001306 0.011163 0.001605 0.009795 1.116366 1.143072 1.00000 0.41667
50/301 25/26 0.001208 0.001738 0.002868 0.014618 0.014094 1.117052 1.151576 1.00000 0.35556
51/301 25/26 0.004287 0.000968 0.014576 0.016922 0.005250 1.116113 1.158116 1.00000 0.46667
52/301 25/26 0.001914 0.001063 0.006348 0.013825 0.004302 1.116359 1.143812 1.00000 0.46667
53/301 25/26 0.000778 0.000660 0.003880 0.012120 0.005745 1.116234 1.139418 1.00000 0.41667
54/301 25/26 0.004696 0.001191 0.002299 0.012245 0.005292 1.116664 1.142387 1.00000 0.46667
55/301 25/26 0.001827 0.002948 0.008444 0.006285 0.003227 1.116468 1.139199 1.00000 0.46667
56/301 25/26 0.001159 0.000816 0.003944 0.012578 0.005661 1.116266 1.140424 1.00000 0.46667
57/301 25/26 0.002051 0.002144 0.006077 0.002052 0.005935 1.116524 1.134784 1.00000 0.46667
58/301 25/26 0.005115 0.001519 0.006315 0.001488 0.007953 1.116530 1.138919 1.00000 0.46667
59/301 25/26 0.003145 0.001156 0.003320 0.011761 0.013021 1.116244 1.148647 1.00000 0.35185
60/301 25/26 0.001875 0.002639 0.008226 0.005926 0.006211 1.116591 1.141468 1.00000 0.46667
61/301 25/26 0.002111 0.001010 0.016511 0.012633 0.004645 1.116248 1.153157 1.00000 0.48889
62/301 25/26 0.001100 0.002961 0.005917 0.003959 0.003762 1.117397 1.135094 1.00000 0.63333
63/301 25/26 0.002040 0.001026 0.001701 0.007994 0.003694 1.116304 1.132759 1.00000 0.60000
64/301 25/26 0.005880 0.001053 0.009850 0.003874 0.004247 1.117703 1.142607 1.00000 0.46667
65/301 25/26 0.000844 0.001765 0.012600 0.006364 0.004441 1.116285 1.142298 1.00000 0.46667
66/301 25/26 0.001780 0.000957 0.011573 0.008203 0.003352 1.116996 1.142862 1.00000 0.60000
67/301 25/26 0.001968 0.003191 0.002201 0.004081 0.005713 1.116016 1.133170 1.00000 0.60000
68/301 25/26 0.002760 0.003338 0.010865 0.005231 0.002625 1.116309 1.141128 1.00000 0.60000
69/301 25/26 0.000864 0.001890 0.005000 0.003469 0.002979 1.116818 1.131021 1.00000 0.57778
70/301 25/26 0.002724 0.002082 0.010366 0.020651 0.003985 1.116056 1.155864 1.00000 0.42857
71/301 25/26 0.004338 0.002778 0.002925 0.005961 0.004003 1.115963 1.135967 1.00000 0.57778
72/301 25/26 0.005790 0.002746 0.031906 0.008666 0.011513 1.116617 1.177237 1.00000 0.32251
73/301 25/26 0.002496 0.004376 0.017991 0.008395 0.010519 1.119027 1.162803 1.00000 0.50265
74/301 25/26 0.005085 0.000720 0.005357 0.011388 0.010746 1.116362 1.149658 1.00000 0.49524
75/301 25/26 0.002975 0.008598 0.004679 0.010454 0.009077 1.116770 1.152552 1.00000 0.40079
76/301 25/26 0.003885 0.007072 0.004716 0.009684 0.004676 1.118698 1.148730 1.00000 0.41667
77/301 25/26 0.002070 0.002419 0.025820 0.017703 0.004970 1.118058 1.171039 1.00000 0.44444
78/301 25/26 0.004131 0.000996 0.002885 0.011211 0.003839 1.115929 1.138992 1.00000 0.55556
79/301 25/26 0.004930 0.002584 0.009548 0.017534 0.005935 1.118042 1.158572 1.00000 0.45079
80/301 25/26 0.003643 0.001267 0.014005 0.012498 0.006355 1.116034 1.153802 1.00000 0.44444
81/301 25/26 0.001107 0.006138 0.004094 0.036580 0.005684 1.116494 1.170098 1.00000 0.46667
82/301 25/26 0.001430 0.000884 0.002316 0.007597 0.002580 1.116038 1.130844 1.00000 0.57778
83/301 25/26 0.001734 0.001172 0.009701 0.012360 0.002028 1.116072 1.143066 1.00000 0.57778
84/301 25/26 0.001195 0.002884 0.001390 0.005111 0.002359 1.116163 1.129102 1.00000 0.61111
85/301 25/26 0.001802 0.002497 0.007169 0.006823 0.001836 1.115996 1.136124 1.00000 0.60000
86/301 25/26 0.001657 0.008950 0.004229 0.003263 0.006308 1.119539 1.143946 1.00000 0.48889
87/301 25/26 0.001900 0.000678 0.005223 0.008726 0.009610 1.115943 1.142080 1.00000 0.40000
88/301 25/26 0.002937 0.001178 0.001927 0.003634 0.001554 1.115975 1.127205 1.00000 0.63333
89/301 25/26 0.001618 0.000988 0.005598 0.004591 0.001869 1.115769 1.130432 1.00000 0.63333
90/301 25/26 0.000533 0.000847 0.005411 0.001372 0.001341 1.115755 1.125258 1.00000 0.63333
91/301 25/26 0.001165 0.000291 0.001381 0.001363 0.001465 1.115942 1.121608 1.00000 0.66667
92/301 25/26 0.003686 0.001292 0.011680 0.003953 0.001349 1.115771 1.137730 1.00000 0.63333
93/301 25/26 0.001268 0.000594 0.006516 0.006406 0.001865 1.115985 1.132633 1.00000 0.61111
94/301 25/26 0.001494 0.001042 0.003663 0.002504 0.002188 1.115773 1.126664 1.00000 0.60000
95/301 25/26 0.000731 0.000459 0.006915 0.019631 0.001347 1.115744 1.144827 1.00000 0.59524
96/301 25/26 0.002795 0.002607 0.011325 0.000978 0.022501 1.115959 1.156164 1.00000 0.35556
97/301 25/26 0.003790 0.005393 0.004874 0.007062 0.052377 1.118052 1.191548 1.00000 0.21934
98/301 25/26 0.083516 0.068684 0.058071 0.114960 0.501764 1.137438 1.964433 1.00000 0.02473
99/301 25/26 0.020214 0.071293 0.022137 0.055829 0.159836 1.125815 1.455124 1.00000 0.06868
100/301 25/26 0.012671 0.052163 0.024049 0.044531 0.133861 1.123113 1.390389 1.00000 0.05710
101/301 25/26 0.005246 0.012865 0.040905 0.038960 0.077256 1.136713 1.311944 1.00000 0.08913
102/301 25/26 0.010414 0.016687 0.027344 0.030404 0.061478 1.125175 1.271503 1.00000 0.10145
103/301 25/26 0.006075 0.007435 0.027793 0.013174 0.048331 1.119340 1.222147 1.00000 0.12804
104/301 25/26 0.002791 0.006446 0.001761 0.006874 0.045041 1.118609 1.181521 1.00000 0.15873
105/301 25/26 0.001529 0.005521 0.010829 0.016220 0.042810 1.120142 1.197051 1.00000 0.15873
106/301 25/26 0.002370 0.010150 0.005348 0.023668 0.033701 1.119752 1.194989 1.00000 0.19202
107/301 25/26 0.000419 0.000808 0.004780 0.010757 0.035812 1.119055 1.171632 1.00000 0.18283
108/301 25/26 0.001036 0.006330 0.001398 0.006453 0.037110 1.121324 1.173650 1.00000 0.16378
109/301 25/26 0.003711 0.001258 0.005092 0.010219 0.028229 1.120519 1.169029 1.00000 0.22059
110/301 25/26 0.002465 0.004942 0.001645 0.001439 0.025147 1.119336 1.154974 1.00000 0.21061
111/301 25/26 0.001484 0.007483 0.003715 0.003422 0.024936 1.120988 1.162028 1.00000 0.18704
112/301 25/26 0.001291 0.008398 0.000809 0.004993 0.022054 1.117237 1.154781 1.00000 0.24444
113/301 25/26 0.001571 0.007833 0.000570 0.001710 0.017587 1.117706 1.146978 1.00000 0.29074
114/301 25/26 0.002089 0.000679 0.000658 0.005274 0.014167 1.117159 1.140026 1.00000 0.34524
115/301 25/26 0.000825 0.002305 0.001030 0.002219 0.013154 1.116747 1.136280 1.00000 0.33968
116/301 25/26 0.000555 0.001642 0.003347 0.002819 0.012591 1.117243 1.138196 1.00000 0.33968
117/301 25/26 0.000521 0.001326 0.001841 0.010599 0.013057 1.116674 1.144018 1.00000 0.31746
118/301 25/26 0.000918 0.001198 0.003045 0.003470 0.013188 1.116125 1.137944 1.00000 0.30159
119/301 25/26 0.001530 0.003036 0.001811 0.005072 0.007945 1.116232 1.135626 1.00000 0.44444
120/301 25/26 0.000175 0.001701 0.003572 0.006079 0.007369 1.116685 1.135582 1.00000 0.45079
121/301 25/26 0.000608 0.000844 0.003846 0.002074 0.010499 1.116102 1.133972 1.00000 0.39524
122/301 25/26 0.001332 0.001226 0.001200 0.001354 0.011774 1.116004 1.132890 1.00000 0.38889
123/301 25/26 0.001576 0.001081 0.003339 0.003232 0.009358 1.116203 1.134788 1.00000 0.37778
124/301 25/26 0.001014 0.001557 0.000995 0.003163 0.004327 1.116449 1.127505 1.00000 0.48889
125/301 25/26 0.002345 0.002631 0.004570 0.003319 0.005501 1.116495 1.134861 1.00000 0.48889
126/301 25/26 0.006498 0.001280 0.001124 0.001173 0.005046 1.117068 1.132189 1.00000 0.46667
127/301 25/26 0.001078 0.000198 0.000741 0.003271 0.005786 1.115853 1.126928 1.00000 0.43333
128/301 25/26 0.001108 0.001614 0.007385 0.006661 0.004551 1.115913 1.137232 1.00000 0.52222
129/301 25/26 0.002874 0.002849 0.001357 0.003444 0.005721 1.116144 1.132390 1.00000 0.44444
130/301 25/26 0.004882 0.001357 0.006756 0.003460 0.004524 1.115938 1.136916 1.00000 0.46667
131/301 25/26 0.001735 0.003660 0.005030 0.009387 0.002680 1.115988 1.138481 1.00000 0.56190
132/301 25/26 0.000839 0.002598 0.002117 0.002601 0.003594 1.115835 1.127584 1.00000 0.46667
133/301 25/26 0.001832 0.000780 0.002996 0.001958 0.002745 1.116248 1.126560 1.00000 0.48889
134/301 25/26 0.000301 0.001012 0.003318 0.001670 0.001744 1.115808 1.123853 1.00000 0.60000
135/301 25/26 0.002351 0.008463 0.005918 0.007331 0.002911 1.115773 1.142747 1.00000 0.52222
136/301 25/26 0.002289 0.003703 0.001697 0.002170 0.002214 1.115748 1.127820 1.00000 0.56190
137/301 25/26 0.001633 0.001986 0.013079 0.007163 0.001863 1.115719 1.141443 1.00000 0.56190
138/301 25/26 0.001550 0.006730 0.006157 0.005592 0.002207 1.116153 1.138388 1.00000 0.59524
139/301 25/26 0.001473 0.001883 0.001787 0.001062 0.002288 1.115900 1.124394 1.00000 0.56190
140/301 25/26 0.001011 0.000490 0.001140 0.003562 0.002363 1.115930 1.124496 1.00000 0.50000
141/301 25/26 0.003577 0.003854 0.016760 0.007207 0.002103 1.115854 1.149354 1.00000 0.56190
142/301 25/26 0.001173 0.000746 0.005712 0.009111 0.001839 1.115868 1.134449 1.00000 0.63333
143/301 25/26 0.001262 0.000370 0.008086 0.004712 0.000909 1.116073 1.131411 1.00000 0.61111
144/301 25/26 0.000812 0.000693 0.002413 0.000692 0.001853 1.115831 1.122295 1.00000 0.50000
145/301 25/26 0.001856 0.002207 0.000489 0.003757 0.002362 1.115859 1.126530 1.00000 0.61111
146/301 25/26 0.001778 0.000300 0.009968 0.008281 0.001492 1.115758 1.137578 1.00000 0.68889
147/301 25/26 0.000525 0.001499 0.016295 0.008988 0.001604 1.115902 1.144814 1.00000 0.72222
148/301 25/26 0.001980 0.001941 0.001759 0.006040 0.001659 1.115779 1.129158 1.00000 0.56190
149/301 25/26 0.002413 0.002094 0.003923 0.002778 0.001185 1.115801 1.128194 1.00000 0.61111
150/301 25/26 0.004612 0.003303 0.007366 0.006381 0.001482 1.116101 1.139245 1.00000 0.63333
151/301 25/26 0.005790 0.001290 0.009513 0.004154 0.001566 1.116256 1.138570 1.00000 0.66667
152/301 25/26 0.001427 0.000516 0.002968 0.004589 0.003353 1.115894 1.128748 1.00000 0.55556
153/301 25/26 0.002583 0.001742 0.003821 0.004181 0.002461 1.115782 1.130570 1.00000 0.50000
154/301 25/26 0.005400 0.001151 0.003525 0.001263 0.007610 1.115668 1.134617 1.00000 0.46667
155/301 25/26 0.000855 0.001715 0.001377 0.006019 0.005469 1.115808 1.131244 1.00000 0.55000
156/301 25/26 0.000915 0.001819 0.003653 0.004189 0.001793 1.115758 1.128127 1.00000 0.63333
157/301 25/26 0.009466 0.000769 0.004519 0.005938 0.000923 1.116148 1.137762 1.00000 0.72222
158/301 25/26 0.001380 0.001078 0.001360 0.005017 0.004289 1.115765 1.128889 1.00000 0.50000
159/301 25/26 0.003757 0.001124 0.000541 0.003860 0.001541 1.115691 1.126516 1.00000 0.68889
160/301 25/26 0.001730 0.000621 0.012164 0.002628 0.001514 1.115812 1.134469 1.00000 0.72222
161/301 25/26 0.001490 0.004182 0.003247 0.003534 0.000893 1.116012 1.129359 1.00000 0.63333
162/301 25/26 0.003186 0.000990 0.003642 0.006394 0.000885 1.116039 1.131135 1.00000 0.72222
163/301 25/26 0.000202 0.002585 0.014885 0.003455 0.001337 1.115838 1.138302 1.00000 0.72222
164/301 25/26 0.000531 0.003162 0.008555 0.007274 0.001956 1.115774 1.137252 1.00000 0.66667
165/301 25/26 0.000700 0.001040 0.005330 0.001435 0.001522 1.115669 1.125697 1.00000 0.61111
166/301 25/26 0.001200 0.000656 0.011614 0.007556 0.002377 1.115827 1.139229 1.00000 0.57778
167/301 25/26 0.002832 0.004063 0.003069 0.002496 0.001928 1.115824 1.130213 1.00000 0.63333
168/301 25/26 0.000829 0.002340 0.005404 0.030904 0.001336 1.115980 1.156794 1.00000 0.61111
169/301 25/26 0.001127 0.000808 0.012267 0.004991 0.001240 1.115733 1.136166 1.00000 0.66667
170/301 25/26 0.001216 0.001547 0.004183 0.010308 0.000755 1.115884 1.133892 1.00000 0.66667
171/301 25/26 0.001358 0.002818 0.002871 0.011608 0.001803 1.115801 1.136260 1.00000 0.61111
172/301 25/26 0.001027 0.001842 0.003802 0.005798 0.002905 1.115771 1.131145 1.00000 0.57778
173/301 25/26 0.002087 0.003025 0.010802 0.015198 0.005242 1.115899 1.152253 1.00000 0.56190
174/301 25/26 0.002472 0.001407 0.004860 0.006104 0.003501 1.115741 1.134085 1.00000 0.46667
175/301 25/26 0.001213 0.001697 0.001539 0.003919 0.001679 1.116002 1.126049 1.00000 0.61111
176/301 25/26 0.001644 0.002515 0.009328 0.008967 0.001178 1.115796 1.139428 1.00000 0.63333
177/301 25/26 0.003465 0.000716 0.014376 0.010928 0.000916 1.115718 1.146119 1.00000 0.61111
178/301 25/26 0.000913 0.002931 0.011023 0.004772 0.000498 1.115856 1.135994 1.00000 0.72222
179/301 25/26 0.002254 0.001654 0.009615 0.005953 0.000940 1.115771 1.136186 1.00000 0.63333
180/301 25/26 0.003278 0.002195 0.003112 0.002765 0.002753 1.115755 1.129858 1.00000 0.72222
181/301 25/26 0.000526 0.000860 0.002400 0.003989 0.000973 1.116123 1.124871 1.00000 0.66667
182/301 25/26 0.004602 0.003440 0.019381 0.008426 0.000835 1.115823 1.152506 1.00000 0.66667
183/301 25/26 0.000865 0.002695 0.009114 0.011754 0.001181 1.115872 1.141481 1.00000 0.72222
184/301 25/26 0.001168 0.001734 0.013381 0.005490 0.001069 1.115751 1.138593 1.00000 0.66667
185/301 25/26 0.001204 0.002084 0.004777 0.004021 0.002887 1.115936 1.130910 1.00000 0.61111
186/301 25/26 0.001957 0.000622 0.003056 0.003501 0.001930 1.115983 1.127049 1.00000 0.63333
187/301 25/26 0.002431 0.002927 0.001567 0.001302 0.000590 1.119422 1.128239 1.00000 0.63333
188/301 25/26 0.001970 0.000950 0.016553 0.019456 0.001338 1.115724 1.155990 1.00000 0.57778
189/301 25/26 0.003342 0.001965 0.006114 0.007094 0.011456 1.115773 1.145744 1.00000 0.36190
190/301 25/26 0.015109 0.002468 0.019757 0.017728 0.064661 1.116615 1.236338 1.00000 0.22222
191/301 25/26 0.012960 0.002224 0.006396 0.020936 0.039660 1.181098 1.263275 1.00000 0.17564
192/301 25/26 0.022633 0.004259 0.008294 0.008639 0.194939 1.116638 1.355402 1.00000 0.18918
193/301 25/26 0.026500 0.023468 0.024514 0.020442 0.143815 1.118734 1.357474 1.00000 0.07769
194/301 25/26 0.010333 0.001849 0.014543 0.040286 0.049914 1.122102 1.239027 1.00000 0.14484
195/301 25/26 0.019103 0.058909 0.001606 0.014795 0.096452 1.132921 1.323786 1.00000 0.09343
196/301 25/26 0.009027 0.018427 0.001111 0.013614 0.061324 1.122527 1.226028 1.00000 0.12963
197/301 25/26 0.010787 0.015874 0.014217 0.022096 0.054974 1.116998 1.234945 1.00000 0.15837
198/301 25/26 0.008913 0.009381 0.014672 0.010046 0.041080 1.116535 1.200629 1.00000 0.19353
199/301 25/26 0.005144 0.005719 0.012153 0.011880 0.023267 1.116360 1.174523 1.00000 0.22299
200/301 25/26 0.001849 0.003385 0.005887 0.011251 0.026709 1.116403 1.165484 1.00000 0.26061
201/301 25/26 0.001602 0.003836 0.007009 0.003967 0.020439 1.116769 1.153621 1.00000 0.27255
202/301 25/26 0.001697 0.002632 0.002358 0.004454 0.013512 1.116294 1.140947 1.00000 0.28519
203/301 25/26 0.001102 0.003645 0.003339 0.005287 0.015988 1.116407 1.145768 1.00000 0.25869
204/301 25/26 0.000776 0.003471 0.018431 0.003773 0.011577 1.116153 1.154181 1.00000 0.32251
205/301 25/26 0.000433 0.000281 0.000560 0.006599 0.009031 1.116305 1.133209 1.00000 0.31746
206/301 25/26 0.001394 0.000642 0.005770 0.002909 0.007532 1.115871 1.134118 1.00000 0.34524
207/301 25/26 0.000139 0.000741 0.002160 0.000872 0.006643 1.115977 1.126532 1.00000 0.36111
208/301 25/26 0.000214 0.001155 0.002620 0.003706 0.004611 1.115886 1.128194 1.00000 0.54074
209/301 25/26 0.000245 0.001381 0.009234 0.001794 0.004980 1.115929 1.133561 1.00000 0.42963
210/301 25/26 0.000304 0.000443 0.002263 0.003096 0.005609 1.115816 1.127532 1.00000 0.39524
211/301 25/26 0.000038 0.000307 0.009035 0.000890 0.003680 1.115745 1.129694 1.00000 0.46667
212/301 25/26 0.000189 0.001037 0.003045 0.000418 0.002569 1.115763 1.123020 1.00000 0.57778
213/301 25/26 0.000225 0.001428 0.002819 0.002142 0.003201 1.115829 1.125645 1.00000 0.57778
214/301 25/26 0.000380 0.000406 0.009945 0.000899 0.003216 1.115751 1.130597 1.00000 0.46667
215/301 25/26 0.000290 0.001513 0.003007 0.002157 0.003613 1.115732 1.126311 1.00000 0.57778
216/301 25/26 0.000365 0.000678 0.005085 0.001505 0.004284 1.115712 1.127629 1.00000 0.50000
217/301 25/26 0.000194 0.001162 0.003603 0.001154 0.001944 1.115691 1.123747 1.00000 0.57778
218/301 25/26 0.000289 0.001027 0.000527 0.002398 0.001866 1.115816 1.121923 1.00000 0.61111
219/301 25/26 0.000871 0.001761 0.011137 0.003368 0.002261 1.115710 1.135109 1.00000 0.60000
220/301 25/26 0.000312 0.000945 0.002989 0.003456 0.002479 1.115764 1.125945 1.00000 0.66667
221/301 25/26 0.000544 0.001661 0.003959 0.003578 0.001905 1.115687 1.127333 1.00000 0.66667
222/301 25/26 0.001130 0.000869 0.003582 0.003760 0.001454 1.115702 1.126498 1.00000 0.63333
223/301 25/26 0.000653 0.000842 0.001660 0.002938 0.001817 1.115702 1.123612 1.00000 0.61111
224/301 25/26 0.001186 0.000774 0.001594 0.003977 0.002034 1.115734 1.125299 1.00000 0.63333
225/301 25/26 0.001440 0.000510 0.005219 0.010348 0.002141 1.115743 1.135401 1.00000 0.66667
226/301 25/26 0.000233 0.002101 0.001943 0.002288 0.001906 1.115753 1.124225 1.00000 0.63333
227/301 25/26 0.002039 0.000516 0.005808 0.005499 0.001234 1.115674 1.130771 1.00000 0.66667
228/301 25/26 0.001302 0.000564 0.000693 0.002726 0.001122 1.115685 1.122092 1.00000 0.63333
229/301 25/26 0.000563 0.000546 0.003405 0.004142 0.001254 1.115744 1.125655 1.00000 0.66667
230/301 25/26 0.001717 0.000321 0.003406 0.002411 0.002151 1.115958 1.125964 1.00000 0.61111
231/301 25/26 0.000908 0.000621 0.007126 0.010432 0.002485 1.115741 1.137314 1.00000 0.61111
232/301 25/26 0.002176 0.001156 0.008206 0.000900 0.001243 1.115823 1.129506 1.00000 0.66667
233/301 25/26 0.001295 0.000942 0.002827 0.008969 0.000996 1.115759 1.130788 1.00000 0.63333
234/301 25/26 0.000251 0.000330 0.003740 0.005916 0.001725 1.115769 1.127731 1.00000 0.61111
235/301 25/26 0.001707 0.000881 0.002967 0.001867 0.001992 1.115820 1.125235 1.00000 0.55556
236/301 25/26 0.001019 0.000603 0.003849 0.008681 0.001429 1.115735 1.131316 1.00000 0.66667
237/301 25/26 0.002008 0.000857 0.000845 0.004142 0.001354 1.115815 1.125021 1.00000 0.61111
238/301 25/26 0.003035 0.000685 0.009236 0.002639 0.001028 1.115833 1.132456 1.00000 0.61111
239/301 25/26 0.000153 0.000204 0.000918 0.001527 0.001068 1.115710 1.119580 1.00000 0.66667
240/301 25/26 0.003225 0.000465 0.004255 0.002942 0.001707 1.115837 1.128431 1.00000 0.63333
241/301 25/26 0.001005 0.000333 0.001602 0.005091 0.001564 1.115671 1.125266 1.00000 0.61111
242/301 25/26 0.002896 0.001209 0.002589 0.001296 0.001162 1.115691 1.124844 1.00000 0.66667
243/301 25/26 0.004031 0.000427 0.002891 0.006917 0.000982 1.115750 1.130999 1.00000 0.63333
244/301 25/26 0.001241 0.000720 0.002661 0.000746 0.002181 1.115756 1.123304 1.00000 0.61111
245/301 25/26 0.005340 0.000554 0.001032 0.001657 0.002590 1.115763 1.126936 1.00000 0.52222
246/301 25/26 0.001251 0.000934 0.001584 0.003945 0.001122 1.115663 1.124498 1.00000 0.63333
247/301 25/26 0.005736 0.000987 0.002118 0.001080 0.001358 1.115738 1.127018 1.00000 0.63333
248/301 25/26 0.002571 0.001441 0.000919 0.002128 0.003728 1.115980 1.126767 1.00000 0.61111
249/301 25/26 0.002693 0.000422 0.004952 0.000366 0.011201 1.116039 1.135673 1.00000 0.46667
250/301 25/26 0.003590 0.000245 0.003354 0.000843 0.007893 1.115603 1.131527 1.00000 0.52222
251/301 25/26 0.000729 0.001056 0.003512 0.006360 0.001304 1.115731 1.128692 1.00000 0.66667
252/301 25/26 0.001221 0.000459 0.004545 0.004217 0.000655 1.115684 1.126782 1.00000 0.66667
253/301 25/26 0.001616 0.001455 0.003508 0.001956 0.001630 1.115747 1.125911 1.00000 0.72222
254/301 25/26 0.000497 0.000295 0.002226 0.002351 0.012552 1.115664 1.133586 1.00000 0.55556
255/301 25/26 0.000924 0.001954 0.002037 0.009881 0.020631 1.142418 1.177844 1.00000 0.41111
256/301 25/26 0.000684 0.001394 0.011143 0.002753 0.017845 1.115639 1.149457 1.00000 0.41111
257/301 25/26 0.001835 0.001754 0.033192 0.025731 0.028650 1.117746 1.208908 1.00000 0.33333
258/301 25/26 0.021309 0.055106 0.010848 0.028990 0.112687 1.118857 1.347798 1.00000 0.08242
259/301 25/26 0.010615 0.005899 0.014303 0.027248 0.070404 1.349266 1.477734 0.83333 0.12108
260/301 25/26 0.011185 0.004362 0.006283 0.004738 0.043318 1.115801 1.185686 1.00000 0.16365
261/301 25/26 0.000774 0.012101 0.010737 0.006439 0.031902 1.117172 1.179126 1.00000 0.20762
262/301 25/26 0.004249 0.014218 0.017149 0.009436 0.028736 1.116391 1.190179 1.00000 0.21693
263/301 25/26 0.000805 0.004207 0.009149 0.005250 0.023675 1.116083 1.159168 1.00000 0.23333
264/301 25/26 0.001138 0.002408 0.005666 0.006907 0.015869 1.116110 1.148098 1.00000 0.25588
265/301 25/26 0.002023 0.001176 0.006207 0.008143 0.012880 1.115954 1.146383 1.00000 0.25185
266/301 25/26 0.003604 0.004850 0.040246 0.018403 0.009708 1.116248 1.193058 1.00000 0.34017
267/301 25/26 0.000505 0.001845 0.002557 0.006963 0.011315 1.116176 1.139360 1.00000 0.38889
268/301 25/26 0.000634 0.001247 0.002723 0.002767 0.006685 1.115962 1.130019 1.00000 0.39394
269/301 25/26 0.000729 0.002376 0.007263 0.012027 0.006412 1.115951 1.144758 1.00000 0.39394
270/301 25/26 0.001636 0.001211 0.011314 0.006949 0.005873 1.115800 1.142782 1.00000 0.51111
271/301 25/26 0.000821 0.000747 0.005650 0.005105 0.004823 1.115750 1.132896 1.00000 0.51111
272/301 25/26 0.001716 0.001645 0.013396 0.012085 0.004705 1.115775 1.149323 1.00000 0.54074
273/301 25/26 0.000463 0.000216 0.002335 0.004534 0.003583 1.115809 1.126941 1.00000 0.54074
274/301 25/26 0.000372 0.000894 0.005895 0.011663 0.003439 1.115781 1.138044 1.00000 0.54074
275/301 25/26 0.001052 0.000852 0.006994 0.010925 0.004664 1.115776 1.140264 1.00000 0.53968
276/301 25/26 0.000708 0.000595 0.007298 0.008258 0.003202 1.115710 1.135772 1.00000 0.56190
277/301 25/26 0.001730 0.000792 0.007510 0.009440 0.003375 1.115696 1.138543 1.00000 0.56190
278/301 25/26 0.001051 0.000325 0.006221 0.008774 0.002952 1.115886 1.135209 1.00000 0.56190
279/301 25/26 0.000634 0.000398 0.007429 0.013468 0.002713 1.115688 1.140331 1.00000 0.56190
280/301 25/26 0.002820 0.000281 0.001381 0.003104 0.002244 1.115734 1.125564 1.00000 0.57778
281/301 25/26 0.000364 0.000702 0.011441 0.006985 0.002120 1.115685 1.137297 1.00000 0.57778
282/301 25/26 0.001490 0.000536 0.003588 0.007211 0.002685 1.115727 1.131238 1.00000 0.60000
283/301 25/26 0.000356 0.000318 0.007045 0.004016 0.002173 1.115767 1.129674 1.00000 0.63333
284/301 25/26 0.001279 0.000394 0.005149 0.006625 0.002439 1.115689 1.131575 1.00000 0.57778
285/301 25/26 0.001081 0.000820 0.005187 0.003016 0.001883 1.115777 1.127763 1.00000 0.63333
286/301 25/26 0.001483 0.000121 0.007313 0.004903 0.002343 1.115819 1.131982 1.00000 0.60000
287/301 25/26 0.000857 0.000340 0.002684 0.001898 0.002332 1.115779 1.123890 1.00000 0.63333
288/301 25/26 0.000570 0.001009 0.011335 0.013659 0.001656 1.115696 1.143924 1.00000 0.63333
289/301 25/26 0.001370 0.000720 0.004474 0.005131 0.001652 1.115783 1.129131 1.00000 0.66667
290/301 25/26 0.000593 0.001582 0.003410 0.007854 0.002017 1.115740 1.131196 1.00000 0.60000
291/301 25/26 0.000720 0.000462 0.006535 0.002759 0.002034 1.115767 1.128278 1.00000 0.63333
292/301 25/26 0.000296 0.000645 0.004397 0.014202 0.001632 1.115730 1.136904 1.00000 0.63333
293/301 25/26 0.000694 0.001680 0.009994 0.002374 0.001353 1.115821 1.131916 1.00000 0.66667
294/301 25/26 0.000370 0.001571 0.001687 0.007921 0.001891 1.115701 1.129142 1.00000 0.63333
295/301 25/26 0.000808 0.000380 0.004138 0.001071 0.001607 1.115743 1.123747 1.00000 0.63333
296/301 25/26 0.000236 0.000427 0.001504 0.006349 0.001484 1.115674 1.125673 1.00000 0.66667
297/301 25/26 0.000843 0.001657 0.009211 0.001986 0.001150 1.115784 1.130631 1.00000 0.66667
298/301 25/26 0.000705 0.000487 0.001473 0.002657 0.001378 1.115656 1.122357 1.00000 0.66667
299/301 25/26 0.001218 0.000727 0.002110 0.001544 0.001497 1.115710 1.122807 1.00000 0.66667
300/301 25/26 0.000337 0.000247 0.000177 0.002360 0.001296 1.115670 1.120086 1.00000 0.66667
